+43.49170,-112.03300
+37.00130,+35.42500
+37.23300,-95.70000
+39.09330,-94.41670
+39.76860,-86.16280
+7.01667,+171.48330
+33.96000,-118.35000
+47.26000,+11.34000
+68.32000,-133.50000
-46.41670,+168.31670
+41.66030,-91.53140
-27.63330,+152.71670
+46.15000,-88.65000
+33.67500,-117.76000
+32.81330,-96.93670
+40.72670,-74.22500
+33.61670,+73.10000
+54.08000,-4.62800
+41.03330,+29.00000
+45.73700,+12.13400
+12.14000,+15.04000
+40.69240,-73.54870
+39.00000,-74.56000
+32.88500,-80.00000
+34.13330,-118.41700
+36.20330,-115.11200
+34.75500,-92.26670
+19.00000,-155.58300
+32.91670,+129.91670
+35.25000,+136.91670
+21.08330,+79.05000
-1.28320,+36.81670
+5.63167,+168.12500
+43.57330,-116.56200
-17.75000,+177.45000
+38.30000,-122.29000
+41.75000,-88.16670
+26.11700,-81.76700
+40.61670,+14.20000
+42.78300,-71.38300
+36.15920,-86.78190
+25.05000,-77.46700
-5.30000,-35.80000
+31.56330,-91.39170
+34.85000,-114.65000
+36.28800,-115.11900
+64.57000,-149.07000
+43.56700,-73.86700
+37.81700,-94.35000
+38.28300,-85.81700
+41.63690,-70.92810
+41.66890,-72.78310
+40.48300,-74.45000
+38.92000,-77.06750
-32.80000,+151.83330
+39.66330,-75.56170
+39.91700,-85.41700
+41.00000,-80.41700
+28.90000,+77.21670
+43.05000,-92.33300
+41.87500,-73.04170
+41.30690,-72.92500
+30.01170,-91.82330
+41.33300,-72.08300
+44.96700,-116.33300
+29.94800,-90.06940
+40.90830,-73.78170
+47.66700,-99.13300
+39.31360,-119.78600
+40.75170,-73.99420
+39.68330,-75.75830
+40.73720,-74.17190
+53.01670,-2.23320
+44.71700,-103.43300
+33.62000,-117.92700
+36.97670,-76.41830
+39.08830,-84.49500
+43.33300,-72.16700
+44.65000,-124.03300
+41.48170,-71.31670
+44.91700,-72.25000
+42.34830,-71.19000
+41.05000,-74.75000
+43.09280,-79.05720
+43.70000,+7.35000
+35.15000,+33.28300
+38.41700,-81.83300
+31.33300,-110.91700
+64.50000,-165.41700
+33.91833,-117.52800
+42.02830,-97.41670
+36.85280,-76.28920
+35.21670,-97.44000
+46.32000,-79.46000
+41.35000,-81.96670
+41.13830,-100.76200
+44.46700,-93.18300
+48.88300,-117.78300
+32.70000,-106.33000
+62.97000,-141.93000