03069 990833
803-555-0128
03069 990260
402-1231
07700 900572
03069 990430
803-555-0183
1800 975 709
202-555-0117
07700 900541
404-555-0131
404-555-0102
404-555-0143
202-555-0189
1800 160 401
404-555-0194
803-555-0174
404-555-0148
202-555-0175
803-555-0170
803-555-0159
03069 990810
1800 975 711
03069 990880
803-555-0158
404-555-0170
07700 900655
1800 975 708
1800 975 710
1800 975 707
3339055111
026-8124
202-555-0102
1900 654 321
07700 900431
07700 900925
07700 900309
202-555-0113
03069 990012
0491 570 110